Empregado 0;Sobrenome 0;1930;9392483;1924;10653.5
Empregado 1;Sobrenome 1;1921;4904052;1989;1632.4
Empregado 2;Sobrenome 2;1938;3962699;1940;1468.5000000000002
Empregado 3;Sobrenome 3;1945;3746929;1980;9721.800000000001
Empregado 4;Sobrenome 4;1973;5553192;2003;5515.400000000001
Empregado 5;Sobrenome 5;1971;1761121;1963;3526.6000000000004
Empregado 6;Sobrenome 6;1977;2080031;1907;7115.900000000001
Empregado 7;Sobrenome 7;2006;6789633;1922;5679.3
Empregado 8;Sobrenome 8;1932;9873339;1980;6671.500000000001
Empregado 9;Sobrenome 9;1936;2386321;1926;9896.7
Empregado 10;Sobrenome 10;1942;4046549;2001;4771.8
Empregado 11;Sobrenome 11;1948;2893434;2009;10704.1
Empregado 12;Sobrenome 12;1939;9989711;1947;9045.300000000001
Empregado 13;Sobrenome 13;1933;9550462;2006;1578.5000000000002
Empregado 14;Sobrenome 14;2005;8744867;1992;1169.3000000000002
Empregado 15;Sobrenome 15;1955;4745503;1932;4022.7000000000003
Empregado 16;Sobrenome 16;1958;6212219;1914;8464.5
Empregado 17;Sobrenome 17;1933;7136627;1941;5803.6
Empregado 18;Sobrenome 18;1916;6484145;1917;7359.000000000001
Empregado 19;Sobrenome 19;1992;1596928;1979;5563.8
Empregado 20;Sobrenome 20;1912;4748608;1989;10529.2
Empregado 21;Sobrenome 21;1936;9654300;1959;5432.900000000001
Empregado 22;Sobrenome 22;1914;7217773;1912;4788.3
Empregado 23;Sobrenome 23;1913;4164967;1928;7503.1
Empregado 24;Sobrenome 24;1904;4978521;1977;3708.1000000000004
